=== Global Evaluation (Threshold 0~200) ===
 Diff | Precision |    Recall |        F1 |   Removed
-------------------------------------------------------
    0 |   0.00892 |   0.78261 |   0.01763 |         0
    1 |   0.00926 |   0.78261 |   0.01831 |       279
    2 |   0.00933 |   0.78261 |   0.01843 |       312
    3 |   0.00933 |   0.78261 |   0.01843 |       312
    4 |   0.00937 |   0.78261 |   0.01853 |       345
    5 |   0.00944 |   0.78261 |   0.01866 |       386
    6 |   0.00944 |   0.78261 |   0.01866 |       386
    7 |   0.00950 |   0.78261 |   0.01877 |       420
    8 |   0.00954 |   0.78261 |   0.01886 |       449
    9 |   0.00955 |   0.78261 |   0.01888 |       452
   10 |   0.00959 |   0.78261 |   0.01896 |       488
   11 |   0.00965 |   0.78261 |   0.01907 |       513
   12 |   0.00965 |   0.78261 |   0.01907 |       513
   13 |   0.00971 |   0.78261 |   0.01919 |       558
   14 |   0.00971 |   0.78261 |   0.01919 |       558
   15 |   0.00977 |   0.78261 |   0.01929 |       588
   16 |   0.00985 |   0.78261 |   0.01946 |       622
   17 |   0.00986 |   0.78261 |   0.01947 |       626
   18 |   0.00991 |   0.78261 |   0.01957 |       654
   19 |   0.00996 |   0.78261 |   0.01966 |       681
   20 |   0.00996 |   0.78261 |   0.01966 |       681
   21 |   0.01003 |   0.78261 |   0.01981 |       730
   22 |   0.01007 |   0.78261 |   0.01988 |       758
   23 |   0.01008 |   0.78261 |   0.01990 |       765
   24 |   0.01012 |   0.78261 |   0.01998 |       789
   25 |   0.01012 |   0.78261 |   0.01999 |       794
   26 |   0.01018 |   0.78261 |   0.02009 |       815
   27 |   0.01023 |   0.78261 |   0.02020 |       843
   28 |   0.01023 |   0.78261 |   0.02020 |       843
   29 |   0.01029 |   0.78261 |   0.02030 |       874
   30 |   0.01037 |   0.78261 |   0.02047 |       902
   31 |   0.01040 |   0.78261 |   0.02052 |       912
   32 |   0.01044 |   0.78261 |   0.02061 |       944
   33 |   0.01048 |   0.78261 |   0.02068 |       962
   34 |   0.01048 |   0.78261 |   0.02068 |       962
   35 |   0.01052 |   0.78261 |   0.02076 |       982
   36 |   0.01056 |   0.78261 |   0.02085 |      1006
   37 |   0.01068 |   0.78261 |   0.02108 |      1080
   38 |   0.01076 |   0.78261 |   0.02123 |      1119
   39 |   0.01078 |   0.78261 |   0.02128 |      1135
   40 |   0.01025 |   0.73913 |   0.02023 |      1174
   41 |   0.01038 |   0.73913 |   0.02047 |      1227
   42 |   0.01041 |   0.73913 |   0.02053 |      1241
   43 |   0.01051 |   0.73913 |   0.02072 |      1284
   44 |   0.01058 |   0.73913 |   0.02086 |      1312
   45 |   0.01059 |   0.73913 |   0.02088 |      1320
   46 |   0.01064 |   0.73913 |   0.02097 |      1346
   47 |   0.01075 |   0.73913 |   0.02120 |      1388
   48 |   0.01077 |   0.73913 |   0.02122 |      1393
   49 |   0.01085 |   0.73913 |   0.02138 |      1447
   50 |   0.01087 |   0.73913 |   0.02142 |      1451
   51 |   0.01095 |   0.73913 |   0.02159 |      1502
   52 |   0.01099 |   0.73913 |   0.02166 |      1528
   53 |   0.01102 |   0.73913 |   0.02173 |      1542
   54 |   0.01042 |   0.69565 |   0.02054 |      1574
   55 |   0.01050 |   0.69565 |   0.02069 |      1618
   56 |   0.01051 |   0.69565 |   0.02070 |      1621
   57 |   0.01061 |   0.69565 |   0.02090 |      1661
   58 |   0.01066 |   0.69565 |   0.02100 |      1698
   59 |   0.01075 |   0.69565 |   0.02116 |      1716
   60 |   0.01083 |   0.69565 |   0.02133 |      1747
   61 |   0.01107 |   0.69565 |   0.02178 |      1796
   62 |   0.01116 |   0.69565 |   0.02196 |      1813
   63 |   0.01080 |   0.65217 |   0.02125 |      1879
   64 |   0.01092 |   0.65217 |   0.02147 |      1895
   65 |   0.01145 |   0.65217 |   0.02251 |      1978
   66 |   0.01176 |   0.65217 |   0.02311 |      2019
   67 |   0.01251 |   0.65217 |   0.02455 |      2097
   68 |   0.01324 |   0.65217 |   0.02595 |      2179
   69 |   0.01442 |   0.65217 |   0.02822 |      2288
   70 |   0.01523 |   0.65217 |   0.02976 |      2344
   71 |   0.01554 |   0.60870 |   0.03030 |      2442
   72 |   0.01632 |   0.60870 |   0.03178 |      2492
   73 |   0.01739 |   0.60870 |   0.03382 |      2546
   74 |   0.01677 |   0.56522 |   0.03258 |      2585
   75 |   0.01717 |   0.56522 |   0.03333 |      2606
   76 |   0.01766 |   0.56522 |   0.03426 |      2629
   77 |   0.01796 |   0.56522 |   0.03481 |      2646
   78 |   0.01821 |   0.56522 |   0.03528 |      2657
   79 |   0.01841 |   0.56522 |   0.03567 |      2668
   80 |   0.01852 |   0.56522 |   0.03586 |      2679
   81 |   0.01884 |   0.56522 |   0.03647 |      2694
   82 |   0.01917 |   0.56522 |   0.03709 |      2710
   83 |   0.01958 |   0.56522 |   0.03785 |      2724
   84 |   0.01970 |   0.56522 |   0.03807 |      2728
   85 |   0.02000 |   0.56522 |   0.03863 |      2743
   86 |   0.02016 |   0.56522 |   0.03892 |      2750
   87 |   0.02025 |   0.56522 |   0.03910 |      2757
   88 |   0.02038 |   0.56522 |   0.03933 |      2763
   89 |   0.02038 |   0.56522 |   0.03933 |      2764
   90 |   0.02041 |   0.56522 |   0.03939 |      2765
   91 |   0.02044 |   0.56522 |   0.03945 |      2767
   92 |   0.02044 |   0.56522 |   0.03945 |      2767
   93 |   0.02044 |   0.56522 |   0.03945 |      2767
   94 |   0.02044 |   0.56522 |   0.03945 |      2767
   95 |   0.02044 |   0.56522 |   0.03945 |      2767
   96 |   0.02044 |   0.56522 |   0.03945 |      2767
   97 |   0.02044 |   0.56522 |   0.03945 |      2767
   98 |   0.02044 |   0.56522 |   0.03945 |      2767
   99 |   0.02044 |   0.56522 |   0.03945 |      2767
  100 |   0.02044 |   0.56522 |   0.03945 |      2767
  101 |   0.00000 |   0.00000 |   0.00000 |      4015
  102 |   0.00000 |   0.00000 |   0.00000 |      4015
  103 |   0.00000 |   0.00000 |   0.00000 |      4015
  104 |   0.00000 |   0.00000 |   0.00000 |      4015
  105 |   0.00000 |   0.00000 |   0.00000 |      4015
  106 |   0.00000 |   0.00000 |   0.00000 |      4015
  107 |   0.00000 |   0.00000 |   0.00000 |      4015
  108 |   0.00000 |   0.00000 |   0.00000 |      4015
  109 |   0.00000 |   0.00000 |   0.00000 |      4015
  110 |   0.00000 |   0.00000 |   0.00000 |      4015
  111 |   0.00000 |   0.00000 |   0.00000 |      4015
  112 |   0.00000 |   0.00000 |   0.00000 |      4015
  113 |   0.00000 |   0.00000 |   0.00000 |      4015
  114 |   0.00000 |   0.00000 |   0.00000 |      4015
  115 |   0.00000 |   0.00000 |   0.00000 |      4015
  116 |   0.00000 |   0.00000 |   0.00000 |      4015
  117 |   0.00000 |   0.00000 |   0.00000 |      4015
  118 |   0.00000 |   0.00000 |   0.00000 |      4015
  119 |   0.00000 |   0.00000 |   0.00000 |      4015
  120 |   0.00000 |   0.00000 |   0.00000 |      4015
  121 |   0.00000 |   0.00000 |   0.00000 |      4015
  122 |   0.00000 |   0.00000 |   0.00000 |      4015
  123 |   0.00000 |   0.00000 |   0.00000 |      4015
  124 |   0.00000 |   0.00000 |   0.00000 |      4015
  125 |   0.00000 |   0.00000 |   0.00000 |      4015
  126 |   0.00000 |   0.00000 |   0.00000 |      4015
  127 |   0.00000 |   0.00000 |   0.00000 |      4015
  128 |   0.00000 |   0.00000 |   0.00000 |      4015
  129 |   0.00000 |   0.00000 |   0.00000 |      4015
  130 |   0.00000 |   0.00000 |   0.00000 |      4015
  131 |   0.00000 |   0.00000 |   0.00000 |      4015
  132 |   0.00000 |   0.00000 |   0.00000 |      4015
  133 |   0.00000 |   0.00000 |   0.00000 |      4015
  134 |   0.00000 |   0.00000 |   0.00000 |      4015
  135 |   0.00000 |   0.00000 |   0.00000 |      4015
  136 |   0.00000 |   0.00000 |   0.00000 |      4015
  137 |   0.00000 |   0.00000 |   0.00000 |      4015
  138 |   0.00000 |   0.00000 |   0.00000 |      4015
  139 |   0.00000 |   0.00000 |   0.00000 |      4015
  140 |   0.00000 |   0.00000 |   0.00000 |      4015
  141 |   0.00000 |   0.00000 |   0.00000 |      4015
  142 |   0.00000 |   0.00000 |   0.00000 |      4015
  143 |   0.00000 |   0.00000 |   0.00000 |      4015
  144 |   0.00000 |   0.00000 |   0.00000 |      4015
  145 |   0.00000 |   0.00000 |   0.00000 |      4015
  146 |   0.00000 |   0.00000 |   0.00000 |      4015
  147 |   0.00000 |   0.00000 |   0.00000 |      4015
  148 |   0.00000 |   0.00000 |   0.00000 |      4015
  149 |   0.00000 |   0.00000 |   0.00000 |      4015
  150 |   0.00000 |   0.00000 |   0.00000 |      4015
  151 |   0.00000 |   0.00000 |   0.00000 |      4015
  152 |   0.00000 |   0.00000 |   0.00000 |      4015
  153 |   0.00000 |   0.00000 |   0.00000 |      4015
  154 |   0.00000 |   0.00000 |   0.00000 |      4015
  155 |   0.00000 |   0.00000 |   0.00000 |      4015
  156 |   0.00000 |   0.00000 |   0.00000 |      4015
  157 |   0.00000 |   0.00000 |   0.00000 |      4015
  158 |   0.00000 |   0.00000 |   0.00000 |      4015
  159 |   0.00000 |   0.00000 |   0.00000 |      4015
  160 |   0.00000 |   0.00000 |   0.00000 |      4015
  161 |   0.00000 |   0.00000 |   0.00000 |      4015
  162 |   0.00000 |   0.00000 |   0.00000 |      4015
  163 |   0.00000 |   0.00000 |   0.00000 |      4015
  164 |   0.00000 |   0.00000 |   0.00000 |      4015
  165 |   0.00000 |   0.00000 |   0.00000 |      4015
  166 |   0.00000 |   0.00000 |   0.00000 |      4015
  167 |   0.00000 |   0.00000 |   0.00000 |      4015
  168 |   0.00000 |   0.00000 |   0.00000 |      4015
  169 |   0.00000 |   0.00000 |   0.00000 |      4015
  170 |   0.00000 |   0.00000 |   0.00000 |      4015
  171 |   0.00000 |   0.00000 |   0.00000 |      4015
  172 |   0.00000 |   0.00000 |   0.00000 |      4015
  173 |   0.00000 |   0.00000 |   0.00000 |      4015
  174 |   0.00000 |   0.00000 |   0.00000 |      4015
  175 |   0.00000 |   0.00000 |   0.00000 |      4015
  176 |   0.00000 |   0.00000 |   0.00000 |      4015
  177 |   0.00000 |   0.00000 |   0.00000 |      4015
  178 |   0.00000 |   0.00000 |   0.00000 |      4015
  179 |   0.00000 |   0.00000 |   0.00000 |      4015
  180 |   0.00000 |   0.00000 |   0.00000 |      4015
  181 |   0.00000 |   0.00000 |   0.00000 |      4015
  182 |   0.00000 |   0.00000 |   0.00000 |      4015
  183 |   0.00000 |   0.00000 |   0.00000 |      4015
  184 |   0.00000 |   0.00000 |   0.00000 |      4015
  185 |   0.00000 |   0.00000 |   0.00000 |      4015
  186 |   0.00000 |   0.00000 |   0.00000 |      4015
  187 |   0.00000 |   0.00000 |   0.00000 |      4015
  188 |   0.00000 |   0.00000 |   0.00000 |      4015
  189 |   0.00000 |   0.00000 |   0.00000 |      4015
  190 |   0.00000 |   0.00000 |   0.00000 |      4015
  191 |   0.00000 |   0.00000 |   0.00000 |      4015
  192 |   0.00000 |   0.00000 |   0.00000 |      4015
  193 |   0.00000 |   0.00000 |   0.00000 |      4015
  194 |   0.00000 |   0.00000 |   0.00000 |      4015
  195 |   0.00000 |   0.00000 |   0.00000 |      4015
  196 |   0.00000 |   0.00000 |   0.00000 |      4015
  197 |   0.00000 |   0.00000 |   0.00000 |      4015
  198 |   0.00000 |   0.00000 |   0.00000 |      4015
  199 |   0.00000 |   0.00000 |   0.00000 |      4015
  200 |   0.00000 |   0.00000 |   0.00000 |      4015

[Best Point: Recall 유지하며 Precision 최대]
Threshold = 39
Precision = 0.01078
Recall = 0.78261
F1 = 0.02128
Removed Functions = 1135
