=== Global Evaluation (Threshold 0~200) ===
 Diff | Precision |    Recall |        F1 |   Removed
-------------------------------------------------------
    0 |   0.00892 |   0.78261 |   0.01763 |         0
    1 |   0.00930 |   0.78261 |   0.01839 |       316
    2 |   0.00938 |   0.78261 |   0.01855 |       361
    3 |   0.00938 |   0.78261 |   0.01855 |       362
    4 |   0.00951 |   0.78261 |   0.01880 |       424
    5 |   0.00961 |   0.78261 |   0.01898 |       478
    6 |   0.00961 |   0.78261 |   0.01898 |       478
    7 |   0.00967 |   0.78261 |   0.01910 |       524
    8 |   0.00971 |   0.78261 |   0.01919 |       556
    9 |   0.00973 |   0.78261 |   0.01922 |       561
   10 |   0.00980 |   0.78261 |   0.01937 |       608
   11 |   0.00990 |   0.78261 |   0.01954 |       647
   12 |   0.00990 |   0.78261 |   0.01954 |       647
   13 |   0.00999 |   0.78261 |   0.01973 |       695
   14 |   0.00999 |   0.78261 |   0.01973 |       695
   15 |   0.01007 |   0.78261 |   0.01988 |       728
   16 |   0.01014 |   0.78261 |   0.02002 |       760
   17 |   0.01014 |   0.78261 |   0.02002 |       764
   18 |   0.01021 |   0.78261 |   0.02016 |       798
   19 |   0.01030 |   0.78261 |   0.02033 |       840
   20 |   0.01030 |   0.78261 |   0.02033 |       840
   21 |   0.01038 |   0.78261 |   0.02049 |       894
   22 |   0.01047 |   0.78261 |   0.02067 |       927
   23 |   0.01049 |   0.78261 |   0.02070 |       935
   24 |   0.01053 |   0.78261 |   0.02077 |       962
   25 |   0.01056 |   0.78261 |   0.02083 |       971
   26 |   0.01066 |   0.78261 |   0.02104 |      1000
   27 |   0.01075 |   0.78261 |   0.02121 |      1033
   28 |   0.01075 |   0.78261 |   0.02121 |      1033
   29 |   0.01084 |   0.78261 |   0.02138 |      1070
   30 |   0.01090 |   0.78261 |   0.02151 |      1097
   31 |   0.01096 |   0.78261 |   0.02162 |      1112
   32 |   0.01102 |   0.78261 |   0.02173 |      1140
   33 |   0.01109 |   0.78261 |   0.02187 |      1169
   34 |   0.01109 |   0.78261 |   0.02187 |      1169
   35 |   0.01116 |   0.78261 |   0.02200 |      1201
   36 |   0.01119 |   0.78261 |   0.02207 |      1218
   37 |   0.01137 |   0.78261 |   0.02242 |      1312
   38 |   0.01146 |   0.78261 |   0.02260 |      1339
   39 |   0.01149 |   0.78261 |   0.02266 |      1351
   40 |   0.01090 |   0.73913 |   0.02149 |      1383
   41 |   0.01100 |   0.73913 |   0.02168 |      1436
   42 |   0.01104 |   0.73913 |   0.02175 |      1448
   43 |   0.01114 |   0.73913 |   0.02195 |      1497
   44 |   0.01123 |   0.73913 |   0.02212 |      1531
   45 |   0.01124 |   0.73913 |   0.02215 |      1540
   46 |   0.01129 |   0.73913 |   0.02224 |      1564
   47 |   0.01139 |   0.73913 |   0.02244 |      1606
   48 |   0.01141 |   0.73913 |   0.02247 |      1610
   49 |   0.01081 |   0.69565 |   0.02129 |      1649
   50 |   0.01083 |   0.69565 |   0.02132 |      1651
   51 |   0.01093 |   0.69565 |   0.02152 |      1710
   52 |   0.01101 |   0.69565 |   0.02168 |      1750
   53 |   0.01105 |   0.69565 |   0.02175 |      1764
   54 |   0.01113 |   0.69565 |   0.02190 |      1797
   55 |   0.01122 |   0.69565 |   0.02208 |      1846
   56 |   0.01123 |   0.69565 |   0.02210 |      1849
   57 |   0.01068 |   0.65217 |   0.02102 |      1895
   58 |   0.01003 |   0.60870 |   0.01973 |      1928
   59 |   0.01014 |   0.60870 |   0.01994 |      1946
   60 |   0.01021 |   0.60870 |   0.02009 |      1976
   61 |   0.01056 |   0.60870 |   0.02076 |      2043
   62 |   0.01065 |   0.60870 |   0.02093 |      2059
   63 |   0.01046 |   0.56522 |   0.02054 |      2153
   64 |   0.01059 |   0.56522 |   0.02078 |      2170
   65 |   0.01083 |   0.52174 |   0.02122 |      2308
   66 |   0.01112 |   0.52174 |   0.02178 |      2350
   67 |   0.01223 |   0.52174 |   0.02390 |      2451
   68 |   0.01174 |   0.47826 |   0.02292 |      2513
   69 |   0.01299 |   0.47826 |   0.02529 |      2617
   70 |   0.01345 |   0.47826 |   0.02616 |      2648
   71 |   0.01457 |   0.47826 |   0.02828 |      2732
   72 |   0.01509 |   0.47826 |   0.02926 |      2764
   73 |   0.01627 |   0.47826 |   0.03147 |      2818
   74 |   0.01685 |   0.47826 |   0.03254 |      2845
   75 |   0.01732 |   0.47826 |   0.03343 |      2867
   76 |   0.01780 |   0.47826 |   0.03432 |      2886
   77 |   0.01812 |   0.47826 |   0.03492 |      2903
   78 |   0.01843 |   0.47826 |   0.03548 |      2914
   79 |   0.01880 |   0.47826 |   0.03618 |      2932
   80 |   0.01916 |   0.47826 |   0.03685 |      2950
   81 |   0.01978 |   0.47826 |   0.03800 |      2971
   82 |   0.02033 |   0.47826 |   0.03901 |      2990
   83 |   0.02115 |   0.47826 |   0.04052 |      3013
   84 |   0.02144 |   0.47826 |   0.04104 |      3020
   85 |   0.02209 |   0.47826 |   0.04223 |      3040
   86 |   0.02222 |   0.47826 |   0.04247 |      3044
   87 |   0.02249 |   0.47826 |   0.04297 |      3054
   88 |   0.02259 |   0.47826 |   0.04314 |      3058
   89 |   0.02259 |   0.47826 |   0.04314 |      3059
   90 |   0.02263 |   0.47826 |   0.04322 |      3060
   91 |   0.02263 |   0.47826 |   0.04322 |      3061
   92 |   0.02263 |   0.47826 |   0.04322 |      3061
   93 |   0.02263 |   0.47826 |   0.04322 |      3061
   94 |   0.02263 |   0.47826 |   0.04322 |      3061
   95 |   0.02263 |   0.47826 |   0.04322 |      3061
   96 |   0.02263 |   0.47826 |   0.04322 |      3061
   97 |   0.02263 |   0.47826 |   0.04322 |      3061
   98 |   0.02263 |   0.47826 |   0.04322 |      3061
   99 |   0.02263 |   0.47826 |   0.04322 |      3061
  100 |   0.02263 |   0.47826 |   0.04322 |      3061
  101 |   0.00000 |   0.00000 |   0.00000 |      4015
  102 |   0.00000 |   0.00000 |   0.00000 |      4015
  103 |   0.00000 |   0.00000 |   0.00000 |      4015
  104 |   0.00000 |   0.00000 |   0.00000 |      4015
  105 |   0.00000 |   0.00000 |   0.00000 |      4015
  106 |   0.00000 |   0.00000 |   0.00000 |      4015
  107 |   0.00000 |   0.00000 |   0.00000 |      4015
  108 |   0.00000 |   0.00000 |   0.00000 |      4015
  109 |   0.00000 |   0.00000 |   0.00000 |      4015
  110 |   0.00000 |   0.00000 |   0.00000 |      4015
  111 |   0.00000 |   0.00000 |   0.00000 |      4015
  112 |   0.00000 |   0.00000 |   0.00000 |      4015
  113 |   0.00000 |   0.00000 |   0.00000 |      4015
  114 |   0.00000 |   0.00000 |   0.00000 |      4015
  115 |   0.00000 |   0.00000 |   0.00000 |      4015
  116 |   0.00000 |   0.00000 |   0.00000 |      4015
  117 |   0.00000 |   0.00000 |   0.00000 |      4015
  118 |   0.00000 |   0.00000 |   0.00000 |      4015
  119 |   0.00000 |   0.00000 |   0.00000 |      4015
  120 |   0.00000 |   0.00000 |   0.00000 |      4015
  121 |   0.00000 |   0.00000 |   0.00000 |      4015
  122 |   0.00000 |   0.00000 |   0.00000 |      4015
  123 |   0.00000 |   0.00000 |   0.00000 |      4015
  124 |   0.00000 |   0.00000 |   0.00000 |      4015
  125 |   0.00000 |   0.00000 |   0.00000 |      4015
  126 |   0.00000 |   0.00000 |   0.00000 |      4015
  127 |   0.00000 |   0.00000 |   0.00000 |      4015
  128 |   0.00000 |   0.00000 |   0.00000 |      4015
  129 |   0.00000 |   0.00000 |   0.00000 |      4015
  130 |   0.00000 |   0.00000 |   0.00000 |      4015
  131 |   0.00000 |   0.00000 |   0.00000 |      4015
  132 |   0.00000 |   0.00000 |   0.00000 |      4015
  133 |   0.00000 |   0.00000 |   0.00000 |      4015
  134 |   0.00000 |   0.00000 |   0.00000 |      4015
  135 |   0.00000 |   0.00000 |   0.00000 |      4015
  136 |   0.00000 |   0.00000 |   0.00000 |      4015
  137 |   0.00000 |   0.00000 |   0.00000 |      4015
  138 |   0.00000 |   0.00000 |   0.00000 |      4015
  139 |   0.00000 |   0.00000 |   0.00000 |      4015
  140 |   0.00000 |   0.00000 |   0.00000 |      4015
  141 |   0.00000 |   0.00000 |   0.00000 |      4015
  142 |   0.00000 |   0.00000 |   0.00000 |      4015
  143 |   0.00000 |   0.00000 |   0.00000 |      4015
  144 |   0.00000 |   0.00000 |   0.00000 |      4015
  145 |   0.00000 |   0.00000 |   0.00000 |      4015
  146 |   0.00000 |   0.00000 |   0.00000 |      4015
  147 |   0.00000 |   0.00000 |   0.00000 |      4015
  148 |   0.00000 |   0.00000 |   0.00000 |      4015
  149 |   0.00000 |   0.00000 |   0.00000 |      4015
  150 |   0.00000 |   0.00000 |   0.00000 |      4015
  151 |   0.00000 |   0.00000 |   0.00000 |      4015
  152 |   0.00000 |   0.00000 |   0.00000 |      4015
  153 |   0.00000 |   0.00000 |   0.00000 |      4015
  154 |   0.00000 |   0.00000 |   0.00000 |      4015
  155 |   0.00000 |   0.00000 |   0.00000 |      4015
  156 |   0.00000 |   0.00000 |   0.00000 |      4015
  157 |   0.00000 |   0.00000 |   0.00000 |      4015
  158 |   0.00000 |   0.00000 |   0.00000 |      4015
  159 |   0.00000 |   0.00000 |   0.00000 |      4015
  160 |   0.00000 |   0.00000 |   0.00000 |      4015
  161 |   0.00000 |   0.00000 |   0.00000 |      4015
  162 |   0.00000 |   0.00000 |   0.00000 |      4015
  163 |   0.00000 |   0.00000 |   0.00000 |      4015
  164 |   0.00000 |   0.00000 |   0.00000 |      4015
  165 |   0.00000 |   0.00000 |   0.00000 |      4015
  166 |   0.00000 |   0.00000 |   0.00000 |      4015
  167 |   0.00000 |   0.00000 |   0.00000 |      4015
  168 |   0.00000 |   0.00000 |   0.00000 |      4015
  169 |   0.00000 |   0.00000 |   0.00000 |      4015
  170 |   0.00000 |   0.00000 |   0.00000 |      4015
  171 |   0.00000 |   0.00000 |   0.00000 |      4015
  172 |   0.00000 |   0.00000 |   0.00000 |      4015
  173 |   0.00000 |   0.00000 |   0.00000 |      4015
  174 |   0.00000 |   0.00000 |   0.00000 |      4015
  175 |   0.00000 |   0.00000 |   0.00000 |      4015
  176 |   0.00000 |   0.00000 |   0.00000 |      4015
  177 |   0.00000 |   0.00000 |   0.00000 |      4015
  178 |   0.00000 |   0.00000 |   0.00000 |      4015
  179 |   0.00000 |   0.00000 |   0.00000 |      4015
  180 |   0.00000 |   0.00000 |   0.00000 |      4015
  181 |   0.00000 |   0.00000 |   0.00000 |      4015
  182 |   0.00000 |   0.00000 |   0.00000 |      4015
  183 |   0.00000 |   0.00000 |   0.00000 |      4015
  184 |   0.00000 |   0.00000 |   0.00000 |      4015
  185 |   0.00000 |   0.00000 |   0.00000 |      4015
  186 |   0.00000 |   0.00000 |   0.00000 |      4015
  187 |   0.00000 |   0.00000 |   0.00000 |      4015
  188 |   0.00000 |   0.00000 |   0.00000 |      4015
  189 |   0.00000 |   0.00000 |   0.00000 |      4015
  190 |   0.00000 |   0.00000 |   0.00000 |      4015
  191 |   0.00000 |   0.00000 |   0.00000 |      4015
  192 |   0.00000 |   0.00000 |   0.00000 |      4015
  193 |   0.00000 |   0.00000 |   0.00000 |      4015
  194 |   0.00000 |   0.00000 |   0.00000 |      4015
  195 |   0.00000 |   0.00000 |   0.00000 |      4015
  196 |   0.00000 |   0.00000 |   0.00000 |      4015
  197 |   0.00000 |   0.00000 |   0.00000 |      4015
  198 |   0.00000 |   0.00000 |   0.00000 |      4015
  199 |   0.00000 |   0.00000 |   0.00000 |      4015
  200 |   0.00000 |   0.00000 |   0.00000 |      4015

[Best Point: Recall 유지하며 Precision 최대]
Threshold = 39
Precision = 0.01149
Recall = 0.78261
F1 = 0.02266
Removed Functions = 1351
